[WhatsApp Image 2020-01-30 at 12.36.46 PM.jpeg]
filters=enhance=1;autolight=1;finetune2=1,0.485380,0.129123,0.000000,00000000,0.000000;
moddate=348ec6d551f4d501
width=1000
height=500
textactive=0
