[77.jpg]
filters=finetune2=1,0.315789,0.131930,0.188070,00000000,-0.836257;sepia=1;bw=1;warm=1;finetune2=1,0.444444,0.216140,0.000000,00000000,-0.742690;sepia=1;bw=1;sepia=1;finetune2=1,0.251462,0.000000,0.480000,00000000,-0.883041;autolight=1;autocolor=1;warm=1;PicnikTint=1,81.871346,0080cfff;finetune2=1,0.514620,0.000000,0.101053,00000000,0.403509;
moddate=8e3167bd0606d601
width=1200
height=800
textactive=0
